R_organic	Q2	CS2O3	CSH2O2	CSN2O5	CSHNO2	CSHNO3	CSHNO4	CSHONO	CSCH3OOH	CSHCHO	PHHCHOa	PHHCHOb	CSCH3CHO	PHCH3CHO	CSPAN	CSHOCl	CSClONO2
190	9.50E+12	5.16E-19	6.72E-19	0	0	1.56E-17	1.01E-17	1.27E-18	0	0	0	0	0	0	0	0	5.89E-18
195	9.80E+12	3.90E-19	5.63E-19	0	0	1.15E-17	8.16E-18	1.72E-18	0	0	0	0	0	0	0	0	3.81E-18
200	1.10E+13	3.23E-19	4.75E-19	9.20E-18	0	6.61E-18	5.63E-18	1.97E-18	0	0	0	0	0	0	3.17E-18	0	3.07E-18
205	1.21E+13	3.67E-19	4.08E-19	8.20E-18	0	2.93E-18	3.67E-18	2.20E-18	0	0	0	0	0	0	2.37E-18	0	2.99E-18
210	1.15E+13	5.84E-19	3.57E-19	5.60E-18	0	1.05E-18	2.39E-18	2.14E-18	3.12E-19	0	0	0	0	0	1.65E-18	0	3.29E-18
215	1.63E+13	1.04E-18	3.07E-19	3.70E-18	0	3.56E-19	1.61E-18	1.79E-18	2.09E-19	0	0	0	0	0	1.15E-18	8.70E-20	3.60E-18
220	2.24E+13	1.81E-18	2.58E-19	2.20E-18	0	1.51E-19	1.18E-18	1.46E-18	1.54E-19	0	0	0	0	0	7.70E-19	1.33E-19	3.44E-18
225	2.84E+13	2.96E-18	2.17E-19	1.44E-18	0	8.62E-20	9.32E-19	1.20E-18	1.22E-19	0	0	0	0	0	5.50E-19	1.90E-19	2.86E-18
230	2.82E+13	4.49E-18	1.82E-19	9.90E-19	0	5.62E-20	7.88E-19	8.60E-19	9.62E-20	0	0	0	0	0	3.99E-19	2.53E-19	2.10E-18
235	2.82E+13	6.31E-18	1.50E-19	7.70E-19	0	3.67E-20	6.80E-19	6.00E-19	7.61E-20	0	0	0	0	0	2.90E-19	3.15E-19	1.49E-18
240	3.36E+13	8.24E-18	1.24E-19	6.20E-19	0	2.44E-20	5.79E-19	4.20E-19	6.05E-20	7.50E-22	0.27	0.49	0	0	2.09E-19	3.65E-19	1.06E-18
245	2.45E+13	9.95E-18	1.02E-19	5.20E-19	0	2.06E-20	4.97E-19	3.00E-19	4.88E-20	1.07E-21	0.28	0.49	0	0	1.59E-19	3.89E-19	7.70E-19
250	3.08E+13	1.11E-17	8.30E-20	4.00E-19	0	1.92E-20	4.11E-19	1.85E-19	3.98E-20	2.27E-21	0.29	0.49	0	0	1.09E-19	4.05E-19	5.77E-19
255	2.25E+13	1.15E-17	6.70E-20	3.20E-19	0	1.90E-20	3.49E-19	1.24E-19	3.23E-20	3.44E-21	0.295	0.49	0	0	7.90E-20	3.85E-19	4.47E-19
260	7.98E+13	1.10E-17	5.30E-20	2.60E-19	0	1.86E-20	2.84E-19	8.00E-20	2.56E-20	4.61E-21	0.3	0.49	2.00E-20	0.31	5.70E-20	3.41E-19	3.46E-19
265	1.18E+14	1.07E-17	4.20E-20	2.00E-19	0	1.71E-20	2.29E-19	5.20E-20	2.11E-20	7.84E-21	0.34	0.46	3.40E-20	0.39	4.04E-20	2.83E-19	2.69E-19
270	1.99E+14	7.88E-18	3.30E-20	1.61E-19	0	1.59E-20	1.80E-19	3.40E-20	1.70E-20	1.19E-20	0.38	0.43	4.50E-20	0.58	2.79E-20	2.36E-19	2.15E-19
275	1.31E+14	5.36E-18	2.60E-20	1.30E-19	0	1.35E-20	1.33E-19	2.50E-20	1.39E-20	1.47E-20	0.475	0.375	4.90E-20	0.53	1.82E-20	2.06E-19	1.61E-19
280	7.05E+13	3.98E-18	2.00E-20	1.17E-19	0	1.10E-20	9.30E-20	0	1.09E-20	1.61E-20	0.57	0.32	4.50E-20	0.48	1.14E-20	1.92E-19	1.19E-19
285	2.20E+14	2.50E-18	1.50E-20	9.23E-20	0	8.48E-21	6.20E-20	0	8.63E-21	2.48E-20	0.65	0.28	4.30E-20	0.43	7.16E-21	1.83E-19	8.80E-20
290	3.68E+14	1.40E-18	1.20E-20	6.93E-20	0	6.07E-21	3.90E-20	0	6.91E-21	2.05E-20	0.73	0.24	3.40E-20	0.37	4.14E-21	1.74E-19	6.36E-20
295	3.41E+14	7.31E-19	9.00E-21	5.20E-20	0	4.09E-21	2.40E-20	0	5.51E-21	3.61E-20	0.755	0.225	2.10E-20	0.17	2.21E-21	1.61E-19	4.56E-20
300	3.24E+14	3.69E-19	6.80E-21	3.90E-20	0	2.43E-21	1.40E-20	0	4.13E-21	2.10E-20	0.78	0.21	1.80E-20	0.1	1.05E-21	1.46E-19	3.30E-20
305	4.40E+14	1.85E-19	5.10E-21	2.92E-20	0	1.55E-21	8.50E-21	8.00E-21	3.13E-21	3.71E-20	0.78	0.215	1.10E-20	0.04	0	1.23E-19	2.38E-20
310	4.95E+14	8.07E-20	3.90E-21	2.19E-20	0	8.10E-22	5.30E-21	1.90E-20	2.39E-21	1.92E-20	0.78	0.22	6.90E-21	0	0	1.04E-19	1.69E-20
315	5.83E+14	5.55E-20	2.90E-21	1.65E-20	4.12E-21	3.70E-22	3.90E-21	2.90E-20	1.82E-21	3.88E-20	0.7	0.22	0	0	0	8.60E-20	1.23E-20
320	6.22E+14	2.80E-20	2.20E-21	1.23E-20	4.02E-20	1.70E-22	2.40E-21	5.20E-20	1.37E-21	1.47E-20	0.62	0.38	0	0	0	6.95E-20	8.95E-21
325	6.96E+14	1.38E-20	1.60E-21	9.27E-21	3.85E-20	6.00E-23	1.50E-21	5.80E-20	1.05E-21	2.49E-20	0.445	0.52	0	0	0	5.54E-20	6.55E-21
330	8.61E+14	7.06E-21	1.30E-21	6.95E-21	8.80E-20	3.00E-23	9.00E-22	1.09E-19	7.90E-22	1.82E-20	0.27	0.66	0	0	0	4.35E-20	5.14E-21
335	8.15E+14	3.29E-21	1.00E-21	5.21E-21	5.75E-20	0	0	7.70E-20	6.10E-22	2.28E-21	0.135	0.61	0	0	0	3.32E-20	3.97E-21
340	8.94E+14	1.49E-21	7.00E-22	3.91E-21	1.76E-19	0	0	1.97E-19	4.70E-22	2.20E-20	0	0.56	0	0	0	2.48E-20	3.23E-21
345	8.44E+14	7.81E-22	5.00E-22	2.94E-21	1.11E-19	0	0	1.12E-19	3.50E-22	7.18E-21	0	0.385	0	0	0	1.83E-20	2.85E-21
350	8.69E+14	3.22E-22	4.00E-22	2.20E-21	1.01E-19	0	0	1.34E-19	2.70E-22	2.02E-21	0	0.21	0	0	0	1.34E-20	2.46E-21
355	9.14E+14	1.38E-22	0	1.65E-21	2.65E-19	0	0	2.76E-19	2.10E-22	5.16E-21	0	0.12	0	0	0	9.20E-21	2.18E-21
360	8.23E+14	5.40E-23	0	1.24E-21	7.22E-20	0	0	9.40E-20	1.60E-22	4.83E-22	0	0.03	0	0	0	6.10E-21	2.08E-21
365	1.07E+15	0	0	9.30E-22	1.82E-19	0	0	1.88E-19	1.20E-22	0	0	0	0	0	0	4.20E-21	1.79E-21
370	1.08E+15	0	0	6.98E-22	2.09E-19	0	0	2.40E-19	0	0	0	0	0	0	0	2.70E-21	1.62E-21
375	9.72E+14	0	0	5.23E-22	3.66E-20	0	0	5.70E-20	0	0	0	0	0	0	0	1.50E-21	1.39E-21
380	1.11E+15	0	0	3.93E-22	8.48E-20	0	0	1.08E-19	0	0	0	0	0	0	0	5.80E-22	1.22E-21
385	8.98E+14	0	0	0	1.47E-19	0	0	1.69E-19	0	0	0	0	0	0	0	3.20E-22	1.08E-21
390	1.18E+15	0	0	0	1.36E-20	0	0	2.80E-20	0	0	0	0	0	0	0	1.00E-22	9.00E-22
395	9.34E+14	0	0	0	0	0	0	7.00E-21	0	0	0	0	0	0	0	0	7.70E-22
