Wavelength	Actinix_flux	Br2	BrO	HOBr	BrNO2	BrNO3
2.80E+02	1.16E+13	7.29E-22	0.00E+00	2.44E-19	8.80E-19	2.79E-19
2.81E+02	2.12E+13	6.69E-22	0.00E+00	2.45E-19	8.28E-19	2.74E-19
2.82E+02	3.79E+13	6.14E-22	0.00E+00	2.46E-19	7.76E-19	2.70E-19
2.83E+02	4.63E+13	5.63E-22	0.00E+00	2.48E-19	7.26E-19	2.65E-19
2.84E+02	4.28E+13	5.15E-22	0.00E+00	2.49E-19	6.77E-19	2.60E-19
2.85E+02	2.52E+13	4.72E-22	0.00E+00	2.50E-19	6.30E-19	2.56E-19
2.86E+02	3.48E+13	4.31E-22	0.00E+00	2.48E-19	5.87E-19	2.51E-19
2.87E+02	5.23E+13	3.94E-22	1.11E-18	2.46E-19	5.46E-19	2.46E-19
2.88E+02	4.51E+13	3.59E-22	1.20E-18	2.44E-19	5.08E-19	2.41E-19
2.89E+02	5.70E+13	3.28E-22	1.20E-18	2.42E-19	4.73E-19	2.37E-19
2.90E+02	8.22E+13	2.99E-22	1.38E-18	2.40E-19	4.40E-19	2.32E-19
2.91E+02	9.05E+13	2.72E-22	1.60E-18	2.36E-19	4.09E-19	2.27E-19
2.92E+02	8.34E+13	2.48E-22	1.52E-18	2.32E-19	3.79E-19	2.22E-19
2.93E+02	7.94E+13	2.26E-22	1.82E-18	2.27E-19	3.51E-19	2.17E-19
2.94E+02	7.89E+13	2.05E-22	1.86E-18	2.23E-19	3.25E-19	2.12E-19
2.95E+02	7.83E+13	1.87E-22	2.03E-18	2.19E-19	3.00E-19	2.07E-19
2.96E+02	8.54E+13	1.71E-22	2.07E-18	2.13E-19	2.76E-19	2.03E-19
2.97E+02	7.15E+13	1.56E-22	2.39E-18	2.08E-19	2.54E-19	1.98E-19
2.98E+02	7.92E+13	1.43E-22	2.47E-18	2.02E-19	2.34E-19	1.93E-19
2.99E+02	7.11E+13	1.32E-22	2.64E-18	1.97E-19	2.16E-19	1.88E-19
3.00E+02	6.92E+13	1.22E-22	2.93E-18	1.91E-19	2.00E-19	1.84E-19
3.01E+02	7.02E+13	1.14E-22	2.50E-18	1.85E-19	1.87E-19	1.79E-19
3.02E+02	6.83E+13	1.08E-22	3.38E-18	1.79E-19	1.77E-19	1.75E-19
3.03E+02	9.34E+13	1.04E-22	3.09E-18	1.74E-19	1.67E-19	1.70E-19
3.04E+02	9.51E+13	1.01E-22	3.24E-18	1.68E-19	1.59E-19	1.66E-19
3.05E+02	9.86E+13	1.00E-22	4.12E-18	1.62E-19	1.50E-19	1.62E-19
3.06E+02	8.70E+13	1.02E-22	2.99E-18	1.57E-19	1.41E-19	1.58E-19
3.07E+02	9.35E+13	1.06E-22	3.85E-18	1.52E-19	1.31E-19	1.54E-19
3.08E+02	1.00E+14	1.12E-22	4.93E-18	1.46E-19	1.22E-19	1.50E-19
3.09E+02	9.02E+13	1.22E-22	3.21E-18	1.41E-19	1.15E-19	1.46E-19
3.10E+02	8.32E+13	1.35E-22	4.04E-18	1.36E-19	1.10E-19	1.42E-19
3.11E+02	1.19E+14	1.52E-22	5.77E-18	1.32E-19	1.08E-19	1.38E-19
3.12E+02	1.11E+14	1.74E-22	4.03E-18	1.29E-19	1.08E-19	1.34E-19
3.13E+02	1.09E+14	2.01E-22	3.55E-18	1.25E-19	1.09E-19	1.31E-19
3.14E+02	1.13E+14	2.34E-22	6.18E-18	1.22E-19	1.10E-19	1.27E-19
3.15E+02	1.09E+14	2.74E-22	5.77E-18	1.18E-19	1.10E-19	1.24E-19
3.16E+02	9.34E+13	3.23E-22	2.90E-18	1.16E-19	1.08E-19	1.21E-19
3.17E+02	1.18E+14	3.80E-22	5.66E-18	1.14E-19	1.06E-19	1.18E-19
3.18E+02	1.16E+14	4.49E-22	7.68E-18	1.12E-19	1.03E-19	1.15E-19
3.19E+02	1.13E+14	5.31E-22	4.58E-18	1.10E-19	1.00E-19	1.13E-19
3.20E+02	1.25E+14	6.27E-22	2.91E-18	1.08E-19	1.00E-19	1.10E-19
3.21E+02	1.24E+14	7.39E-22	7.10E-18	1.07E-19	1.02E-19	1.07E-19
3.22E+02	1.19E+14	8.70E-22	8.47E-18	1.07E-19	1.06E-19	1.05E-19
3.23E+02	1.06E+14	1.02E-21	4.15E-18	1.06E-19	1.10E-19	1.03E-19
3.24E+02	1.21E+14	1.20E-21	3.21E-18	1.06E-19	1.15E-19	1.00E-19
3.25E+02	1.36E+14	1.41E-21	7.47E-18	1.05E-19	1.20E-19	9.82E-20
3.26E+02	1.64E+14	1.64E-21	9.00E-18	1.06E-19	1.24E-19	9.63E-20
3.27E+02	1.65E+14	1.92E-21	4.69E-18	1.06E-19	1.26E-19	9.45E-20
3.28E+02	1.58E+14	2.23E-21	2.77E-18	1.07E-19	1.28E-19	9.27E-20
3.29E+02	1.66E+14	2.59E-21	6.54E-18	1.07E-19	1.29E-19	9.11E-20
3.30E+02	1.84E+14	3.00E-21	9.54E-18	1.08E-19	1.30E-19	8.94E-20
3.31E+02	1.65E+14	3.46E-21	6.28E-18	1.09E-19	1.31E-19	8.78E-20
3.32E+02	1.66E+14	3.99E-21	2.79E-18	1.10E-19	1.32E-19	8.62E-20
3.33E+02	1.62E+14	4.59E-21	3.95E-18	1.11E-19	1.34E-19	8.48E-20
3.34E+02	1.61E+14	5.26E-21	8.67E-18	1.12E-19	1.36E-19	8.35E-20
3.35E+02	1.70E+14	6.02E-21	8.42E-18	1.13E-19	1.40E-19	8.22E-20
3.36E+02	1.51E+14	6.87E-21	4.27E-18	1.14E-19	1.45E-19	8.11E-20
3.37E+02	1.39E+14	7.83E-21	2.55E-18	1.15E-19	1.50E-19	7.99E-20
3.38E+02	1.57E+14	8.90E-21	4.78E-18	1.17E-19	1.55E-19	7.87E-20
3.39E+02	1.65E+14	1.01E-20	8.80E-18	1.18E-19	1.58E-19	7.75E-20
3.40E+02	1.81E+14	1.14E-20	6.95E-18	1.19E-19	1.60E-19	7.64E-20
3.41E+02	1.67E+14	1.29E-20	3.02E-18	1.20E-19	1.59E-19	7.53E-20
3.42E+02	1.71E+14	1.45E-20	2.47E-18	1.21E-19	1.57E-19	7.43E-20
3.43E+02	1.80E+14	1.63E-20	4.16E-18	1.21E-19	1.54E-19	7.34E-20
3.44E+02	1.48E+14	1.83E-20	7.29E-18	1.22E-19	1.51E-19	7.26E-20
3.45E+02	1.59E+14	2.05E-20	6.67E-18	1.23E-19	1.50E-19	7.17E-20
3.46E+02	1.64E+14	2.29E-20	3.18E-18	1.23E-19	1.51E-19	7.08E-20
3.47E+02	1.69E+14	2.55E-20	1.74E-18	1.23E-19	1.53E-19	6.98E-20
3.48E+02	1.62E+14	2.84E-20	2.74E-18	1.24E-19	1.55E-19	6.87E-20
3.49E+02	1.58E+14	3.15E-20	5.51E-18	1.24E-19	1.58E-19	6.76E-20
3.50E+02	1.78E+14	3.49E-20	5.69E-18	1.24E-19	1.60E-19	6.66E-20
3.51E+02	1.86E+14	3.85E-20	3.38E-18	1.23E-19	1.61E-19	6.56E-20
3.52E+02	1.74E+14	4.25E-20	2.09E-18	1.23E-19	1.60E-19	6.46E-20
3.53E+02	1.74E+14	4.68E-20	1.68E-18	1.22E-19	1.60E-19	6.38E-20
3.54E+02	2.02E+14	5.14E-20	2.04E-18	1.22E-19	1.59E-19	6.29E-20
3.55E+02	2.04E+14	5.63E-20	4.44E-18	1.21E-19	1.60E-19	6.21E-20
3.56E+02	1.84E+14	6.16E-20	4.33E-18	1.20E-19	1.62E-19	6.12E-20
3.57E+02	1.51E+14	6.73E-20	1.68E-18	1.19E-19	1.66E-19	6.02E-20
3.58E+02	1.42E+14	7.33E-20	1.17E-18	1.17E-19	1.70E-19	5.92E-20
3.59E+02	1.55E+14	7.97E-20	1.41E-18	1.16E-19	1.75E-19	5.81E-20
3.60E+02	1.97E+14	8.66E-20	2.09E-18	1.15E-19	1.80E-19	5.69E-20
3.61E+02	1.71E+14	9.38E-20	2.50E-18	1.13E-19	1.84E-19	5.58E-20
3.62E+02	1.75E+14	1.01E-19	2.05E-18	1.11E-19	1.88E-19	5.47E-20
3.63E+02	1.96E+14	1.10E-19	1.38E-18	1.09E-19	1.90E-19	5.37E-20
3.64E+02	1.96E+14	1.18E-19	1.15E-18	1.07E-19	1.91E-19	5.27E-20
3.65E+02	2.02E+14	1.27E-19	1.05E-18	1.05E-19	1.90E-19	5.17E-20
3.66E+02	2.37E+14	1.36E-19	9.09E-19	1.03E-19	1.87E-19	5.07E-20
3.67E+02	2.32E+14	1.46E-19	1.01E-18	1.00E-19	1.82E-19	4.98E-20
3.68E+02	2.14E+14	1.56E-19	1.20E-18	9.79E-20	1.77E-19	4.88E-20
3.69E+02	2.22E+14	1.67E-19	1.09E-18	9.56E-20	1.72E-19	4.77E-20
3.70E+02	2.41E+14	1.78E-19	8.16E-19	9.32E-20	1.70E-19	4.66E-20
3.71E+02	2.21E+14	1.89E-19	5.99E-19	9.05E-20	1.70E-19	4.55E-20
3.72E+02	2.14E+14	2.01E-19	4.37E-19	8.79E-20	1.72E-19	4.45E-20
3.73E+02	1.96E+14	2.13E-19	3.61E-19	8.52E-20	1.76E-19	4.35E-20
3.74E+02	1.76E+14	2.26E-19	4.82E-19	8.26E-20	1.78E-19	4.25E-20
3.75E+02	1.86E+14	2.39E-19	6.13E-19	7.99E-20	1.80E-19	4.16E-20
3.76E+02	2.13E+14	2.52E-19	4.70E-19	7.72E-20	1.80E-19	4.07E-20
3.77E+02	2.24E+14	2.65E-19	2.98E-19	7.45E-20	1.78E-19	3.97E-20
3.78E+02	2.69E+14	2.79E-19	2.51E-19	7.19E-20	1.75E-19	3.88E-20
3.79E+02	2.34E+14	2.93E-19	2.02E-19	6.92E-20	1.72E-19	3.79E-20
3.80E+02	2.20E+14	3.07E-19	1.47E-19	6.65E-20	1.70E-19	3.69E-20
3.81E+02	2.40E+14	3.21E-19	1.64E-19	6.40E-20	1.69E-19	3.59E-20
3.82E+02	1.84E+14	3.36E-19	1.66E-19	6.14E-20	1.69E-19	3.49E-20
3.83E+02	1.42E+14	3.50E-19	8.45E-20	5.89E-20	1.70E-19	3.40E-20
3.84E+02	1.59E+14	3.65E-19	4.64E-20	5.63E-20	1.70E-19	3.31E-20
3.85E+02	2.09E+14	3.79E-19	0.00E+00	5.38E-20	1.70E-19	3.23E-20
3.86E+02	1.93E+14	3.94E-19	0.00E+00	5.15E-20	1.69E-19	3.16E-20
3.87E+02	2.02E+14	4.08E-19	0.00E+00	4.92E-20	1.67E-19	3.09E-20
3.88E+02	1.97E+14	4.23E-19	0.00E+00	4.68E-20	1.65E-19	3.02E-20
3.89E+02	2.12E+14	4.37E-19	0.00E+00	4.45E-20	1.62E-19	2.95E-20
3.90E+02	2.46E+14	4.51E-19	0.00E+00	4.22E-20	1.60E-19	2.88E-20
3.91E+02	2.62E+14	4.65E-19	0.00E+00	4.02E-20	1.58E-19	2.81E-20
3.92E+02	2.45E+14	4.79E-19	0.00E+00	3.83E-20	1.56E-19	2.74E-20
3.93E+02	1.47E+14	4.92E-19	0.00E+00	3.63E-20	1.54E-19	2.66E-20
3.94E+02	1.52E+14	5.05E-19	0.00E+00	3.44E-20	1.52E-19	2.60E-20
3.95E+02	2.48E+14	5.18E-19	0.00E+00	3.24E-20	1.50E-19	2.53E-20
3.96E+02	2.32E+14	5.30E-19	0.00E+00	3.08E-20	1.48E-19	2.47E-20
3.97E+02	1.30E+14	5.42E-19	0.00E+00	2.92E-20	1.45E-19	2.41E-20
3.98E+02	2.61E+14	5.53E-19	0.00E+00	2.75E-20	1.43E-19	2.35E-20
3.99E+02	3.26E+14	5.64E-19	0.00E+00	2.59E-20	1.41E-19	2.30E-20
4.00E+02	3.40E+14	5.74E-19	0.00E+00	2.43E-20	1.40E-19	2.25E-20
4.01E+02	3.54E+14	5.83E-19	0.00E+00	2.30E-20	1.40E-19	2.20E-20
4.02E+02	3.67E+14	5.92E-19	0.00E+00	2.18E-20	1.40E-19	2.15E-20
4.03E+02	3.53E+14	6.01E-19	0.00E+00	2.05E-20	1.40E-19	2.09E-20
4.04E+02	3.59E+14	6.09E-19	0.00E+00	1.93E-20	1.40E-19	2.04E-20
4.05E+02	3.50E+14	6.16E-19	0.00E+00	1.80E-20	1.40E-19	1.99E-20
4.06E+02	3.41E+14	6.22E-19	0.00E+00	1.71E-20	1.39E-19	1.95E-20
4.07E+02	3.34E+14	6.28E-19	0.00E+00	1.62E-20	1.37E-19	1.92E-20
4.08E+02	3.49E+14	6.33E-19	0.00E+00	1.54E-20	1.35E-19	1.88E-20
4.09E+02	3.73E+14	6.38E-19	0.00E+00	1.45E-20	1.32E-19	1.85E-20
4.10E+02	3.17E+14	6.42E-19	0.00E+00	1.36E-20	1.30E-19	1.81E-20
4.11E+02	3.55E+14	6.45E-19	0.00E+00	1.30E-20	1.28E-19	1.78E-20
4.12E+02	3.77E+14	6.48E-19	0.00E+00	1.25E-20	1.26E-19	1.75E-20
4.13E+02	3.62E+14	6.49E-19	0.00E+00	1.19E-20	1.24E-19	1.71E-20
4.14E+02	3.57E+14	6.51E-19	0.00E+00	1.14E-20	1.22E-19	1.69E-20
4.15E+02	3.70E+14	6.51E-19	0.00E+00	1.08E-20	1.20E-19	1.66E-20
4.16E+02	3.80E+14	6.51E-19	0.00E+00	1.06E-20	1.18E-19	1.63E-20
4.17E+02	3.71E+14	6.51E-19	0.00E+00	1.03E-20	1.16E-19	1.59E-20
4.18E+02	3.55E+14	6.49E-19	0.00E+00	1.01E-20	1.14E-19	1.56E-20
4.19E+02	3.69E+14	6.48E-19	0.00E+00	9.90E-21	1.12E-19	1.53E-20
4.20E+02	3.38E+14	6.45E-19	0.00E+00	9.67E-21	1.10E-19	1.50E-20
4.21E+02	3.84E+14	6.43E-19	0.00E+00	9.73E-21	1.08E-19	1.47E-20
4.22E+02	3.79E+14	6.40E-19	0.00E+00	9.79E-21	1.06E-19	1.44E-20
4.23E+02	3.67E+14	6.36E-19	0.00E+00	9.86E-21	1.04E-19	1.42E-20
4.24E+02	3.65E+14	6.32E-19	0.00E+00	9.92E-21	1.02E-19	1.40E-20
4.25E+02	3.76E+14	6.28E-19	0.00E+00	9.98E-21	1.00E-19	1.38E-20
4.26E+02	3.64E+14	6.23E-19	0.00E+00	1.03E-20	9.80E-20	1.37E-20
4.27E+02	3.52E+14	6.18E-19	0.00E+00	1.06E-20	9.60E-20	1.35E-20
4.28E+02	3.56E+14	6.13E-19	0.00E+00	1.09E-20	9.39E-20	1.33E-20
4.29E+02	3.29E+14	6.07E-19	0.00E+00	1.12E-20	9.20E-20	1.32E-20
4.30E+02	2.62E+14	6.01E-19	0.00E+00	1.15E-20	9.00E-20	1.30E-20
4.31E+02	2.38E+14	5.96E-19	0.00E+00	1.20E-20	8.81E-20	1.28E-20
4.32E+02	3.96E+14	5.90E-19	0.00E+00	1.25E-20	8.62E-20	1.26E-20
4.33E+02	3.69E+14	5.84E-19	0.00E+00	1.30E-20	8.42E-20	1.24E-20
4.34E+02	3.41E+14	5.77E-19	0.00E+00	1.35E-20	8.22E-20	1.22E-20
4.35E+02	3.74E+14	5.71E-19	0.00E+00	1.40E-20	8.00E-20	1.20E-20
4.36E+02	4.10E+14	5.65E-19	0.00E+00	1.46E-20	7.77E-20	1.18E-20
4.37E+02	4.18E+14	5.59E-19	0.00E+00	1.51E-20	7.54E-20	1.16E-20
4.38E+02	3.67E+14	5.53E-19	0.00E+00	1.57E-20	7.32E-20	1.15E-20
4.39E+02	3.54E+14	5.46E-19	0.00E+00	1.62E-20	7.14E-20	1.13E-20
4.40E+02	4.05E+14	5.40E-19	0.00E+00	1.68E-20	7.00E-20	1.11E-20
4.41E+02	3.99E+14	5.34E-19	0.00E+00	1.74E-20	6.92E-20	1.10E-20
4.42E+02	4.28E+14	5.29E-19	0.00E+00	1.79E-20	6.90E-20	1.08E-20
4.43E+02	4.35E+14	5.23E-19	0.00E+00	1.85E-20	6.91E-20	1.07E-20
4.44E+02	4.23E+14	5.17E-19	0.00E+00	1.90E-20	6.95E-20	1.06E-20
4.45E+02	4.40E+14	5.12E-19	0.00E+00	1.96E-20	7.00E-20	1.04E-20
4.46E+02	3.94E+14	5.07E-19	0.00E+00	2.00E-20	0.00E+00	1.02E-20
4.47E+02	4.48E+14	5.02E-19	0.00E+00	2.05E-20	0.00E+00	1.00E-20
4.48E+02	4.54E+14	4.97E-19	0.00E+00	2.09E-20	0.00E+00	9.76E-21
4.49E+02	4.52E+14	4.92E-19	0.00E+00	2.14E-20	0.00E+00	9.52E-21
4.50E+02	4.69E+14	4.88E-19	0.00E+00	2.18E-20	0.00E+00	9.30E-21
4.51E+02	4.86E+14	4.83E-19	0.00E+00	2.20E-20	0.00E+00	9.10E-21
4.52E+02	4.66E+14	4.79E-19	0.00E+00	2.22E-20	0.00E+00	8.92E-21
4.53E+02	4.30E+14	4.75E-19	0.00E+00	2.25E-20	0.00E+00	8.73E-21
4.54E+02	4.61E+14	4.72E-19	0.00E+00	2.27E-20	0.00E+00	8.54E-21
4.55E+02	4.58E+14	4.68E-19	0.00E+00	2.29E-20	0.00E+00	8.34E-21
4.56E+02	4.74E+14	4.65E-19	0.00E+00	2.29E-20	0.00E+00	8.15E-21
4.57E+02	4.78E+14	4.61E-19	0.00E+00	2.29E-20	0.00E+00	7.97E-21
4.58E+02	4.69E+14	4.58E-19	0.00E+00	2.28E-20	0.00E+00	7.80E-21
4.59E+02	4.65E+14	4.55E-19	0.00E+00	2.28E-20	0.00E+00	7.63E-21
4.60E+02	4.63E+14	4.52E-19	0.00E+00	2.28E-20	0.00E+00	7.43E-21
4.61E+02	4.79E+14	4.50E-19	0.00E+00	2.25E-20	0.00E+00	7.21E-21
4.62E+02	4.83E+14	4.47E-19	0.00E+00	2.22E-20	0.00E+00	6.99E-21
4.63E+02	4.86E+14	4.45E-19	0.00E+00	2.20E-20	0.00E+00	6.79E-21
4.64E+02	4.71E+14	4.42E-19	0.00E+00	2.17E-20	0.00E+00	6.64E-21
4.65E+02	4.65E+14	4.40E-19	0.00E+00	2.14E-20	0.00E+00	6.52E-21
4.66E+02	4.74E+14	4.37E-19	0.00E+00	2.09E-20	0.00E+00	6.41E-21
4.67E+02	4.54E+14	4.35E-19	0.00E+00	2.05E-20	0.00E+00	6.29E-21
4.68E+02	4.74E+14	4.33E-19	0.00E+00	2.00E-20	0.00E+00	6.12E-21
4.69E+02	4.77E+14	4.31E-19	0.00E+00	1.96E-20	0.00E+00	5.91E-21
4.70E+02	4.59E+14	4.28E-19	0.00E+00	1.91E-20	0.00E+00	5.66E-21
4.71E+02	4.67E+14	4.26E-19	0.00E+00	1.85E-20	0.00E+00	5.39E-21
4.72E+02	4.92E+14	4.24E-19	0.00E+00	1.79E-20	0.00E+00	5.14E-21
4.73E+02	4.73E+14	4.21E-19	0.00E+00	1.74E-20	0.00E+00	4.92E-21
4.74E+02	4.80E+14	4.19E-19	0.00E+00	1.68E-20	0.00E+00	4.75E-21
4.75E+02	4.97E+14	4.17E-19	0.00E+00	1.62E-20	0.00E+00	4.61E-21
4.76E+02	4.82E+14	4.14E-19	0.00E+00	1.56E-20	0.00E+00	4.50E-21
4.77E+02	4.86E+14	4.11E-19	0.00E+00	1.49E-20	0.00E+00	4.39E-21
4.78E+02	5.02E+14	4.09E-19	0.00E+00	1.43E-20	0.00E+00	4.26E-21
4.79E+02	4.92E+14	4.06E-19	0.00E+00	1.36E-20	0.00E+00	4.10E-21
4.80E+02	5.00E+14	4.03E-19	0.00E+00	1.30E-20	0.00E+00	3.90E-21
4.81E+02	4.99E+14	4.00E-19	0.00E+00	1.24E-20	0.00E+00	3.67E-21
4.82E+02	5.00E+14	3.97E-19	0.00E+00	1.18E-20	0.00E+00	3.41E-21
4.83E+02	4.94E+14	3.93E-19	0.00E+00	1.12E-20	0.00E+00	3.16E-21
4.84E+02	4.85E+14	3.90E-19	0.00E+00	1.05E-20	0.00E+00	2.93E-21
4.85E+02	4.83E+14	3.86E-19	0.00E+00	9.93E-21	0.00E+00	2.75E-21
4.86E+02	3.92E+14	3.83E-19	0.00E+00	9.39E-21	0.00E+00	2.63E-21
4.87E+02	4.39E+14	3.79E-19	0.00E+00	8.85E-21	0.00E+00	2.56E-21
4.88E+02	4.75E+14	3.75E-19	0.00E+00	8.31E-21	0.00E+00	2.51E-21
4.89E+02	4.49E+14	3.71E-19	0.00E+00	7.77E-21	0.00E+00	2.47E-21
4.90E+02	5.01E+14	3.66E-19	0.00E+00	7.23E-21	0.00E+00	2.43E-21
4.91E+02	4.82E+14	3.62E-19	0.00E+00	6.79E-21	0.00E+00	2.40E-21
4.92E+02	4.60E+14	3.58E-19	0.00E+00	6.35E-21	0.00E+00	2.37E-21
4.93E+02	4.92E+14	3.53E-19	0.00E+00	5.90E-21	0.00E+00	2.33E-21
4.94E+02	4.81E+14	3.48E-19	0.00E+00	5.46E-21	0.00E+00	2.26E-21
4.95E+02	5.11E+14	3.43E-19	0.00E+00	5.02E-21	0.00E+00	2.14E-21
4.96E+02	4.87E+14	3.39E-19	0.00E+00	4.68E-21	0.00E+00	1.97E-21
4.97E+02	4.95E+14	3.33E-19	0.00E+00	4.34E-21	0.00E+00	1.78E-21
4.98E+02	4.82E+14	3.28E-19	0.00E+00	4.01E-21	0.00E+00	1.59E-21
4.99E+02	4.83E+14	3.23E-19	0.00E+00	3.67E-21	0.00E+00	1.45E-21
5.00E+02	4.82E+14	3.18E-19	0.00E+00	3.33E-21	0.00E+00	1.35E-21
5.01E+02	4.69E+14	3.12E-19	0.00E+00	3.09E-21	0.00E+00	0.00E+00
5.02E+02	4.70E+14	3.07E-19	0.00E+00	2.85E-21	0.00E+00	0.00E+00
5.03E+02	4.94E+14	3.01E-19	0.00E+00	2.60E-21	0.00E+00	0.00E+00
5.04E+02	4.65E+14	2.96E-19	0.00E+00	2.36E-21	0.00E+00	0.00E+00
5.05E+02	4.95E+14	2.90E-19	0.00E+00	2.12E-21	0.00E+00	0.00E+00
5.06E+02	5.16E+14	2.85E-19	0.00E+00	1.95E-21	0.00E+00	0.00E+00
5.07E+02	4.94E+14	2.79E-19	0.00E+00	1.79E-21	0.00E+00	0.00E+00
5.08E+02	4.81E+14	2.73E-19	0.00E+00	1.62E-21	0.00E+00	0.00E+00
5.09E+02	5.04E+14	2.68E-19	0.00E+00	1.46E-21	0.00E+00	0.00E+00
5.10E+02	4.90E+14	2.62E-19	0.00E+00	1.29E-21	0.00E+00	0.00E+00
5.11E+02	4.99E+14	2.56E-19	0.00E+00	1.18E-21	0.00E+00	0.00E+00
5.12E+02	5.13E+14	2.50E-19	0.00E+00	1.08E-21	0.00E+00	0.00E+00
5.13E+02	4.82E+14	2.45E-19	0.00E+00	9.72E-22	0.00E+00	0.00E+00
5.14E+02	4.72E+14	2.39E-19	0.00E+00	8.66E-22	0.00E+00	0.00E+00
5.15E+02	4.86E+14	2.34E-19	0.00E+00	7.60E-22	0.00E+00	0.00E+00
5.16E+02	4.91E+14	2.28E-19	0.00E+00	6.92E-22	0.00E+00	0.00E+00
5.17E+02	4.01E+14	2.22E-19	0.00E+00	6.24E-22	0.00E+00	0.00E+00
5.18E+02	4.59E+14	2.17E-19	0.00E+00	5.56E-22	0.00E+00	0.00E+00
5.19E+02	4.45E+14	2.12E-19	0.00E+00	4.88E-22	0.00E+00	0.00E+00
5.20E+02	4.87E+14	2.06E-19	0.00E+00	4.20E-22	0.00E+00	0.00E+00
5.21E+02	4.91E+14	2.01E-19	0.00E+00	3.82E-22	0.00E+00	0.00E+00
5.22E+02	5.03E+14	1.96E-19	0.00E+00	3.44E-22	0.00E+00	0.00E+00
5.23E+02	4.75E+14	1.90E-19	0.00E+00	3.06E-22	0.00E+00	0.00E+00
5.24E+02	5.12E+14	1.85E-19	0.00E+00	2.68E-22	0.00E+00	0.00E+00
5.25E+02	5.10E+14	1.80E-19	0.00E+00	2.30E-22	0.00E+00	0.00E+00
5.26E+02	4.96E+14	1.76E-19	0.00E+00	2.08E-22	0.00E+00	0.00E+00
5.27E+02	4.35E+14	1.71E-19	0.00E+00	1.86E-22	0.00E+00	0.00E+00
5.28E+02	5.00E+14	1.66E-19	0.00E+00	1.64E-22	0.00E+00	0.00E+00
5.29E+02	5.24E+14	1.61E-19	0.00E+00	1.42E-22	0.00E+00	0.00E+00
5.30E+02	5.05E+14	1.57E-19	0.00E+00	1.20E-22	0.00E+00	0.00E+00
5.31E+02	5.33E+14	1.52E-19	0.00E+00	1.08E-22	0.00E+00	0.00E+00
5.32E+02	5.24E+14	1.48E-19	0.00E+00	9.56E-23	0.00E+00	0.00E+00
5.33E+02	4.69E+14	1.44E-19	0.00E+00	8.34E-23	0.00E+00	0.00E+00
5.34E+02	5.03E+14	1.40E-19	0.00E+00	7.12E-23	0.00E+00	0.00E+00
5.35E+02	5.10E+14	1.36E-19	0.00E+00	5.90E-23	0.00E+00	0.00E+00
5.36E+02	5.33E+14	1.32E-19	0.00E+00	5.30E-23	0.00E+00	0.00E+00
5.37E+02	4.93E+14	1.28E-19	0.00E+00	4.70E-23	0.00E+00	0.00E+00
5.38E+02	5.18E+14	1.24E-19	0.00E+00	4.10E-23	0.00E+00	0.00E+00
5.39E+02	5.06E+14	1.21E-19	0.00E+00	3.50E-23	0.00E+00	0.00E+00
5.40E+02	4.89E+14	1.17E-19	0.00E+00	2.90E-23	0.00E+00	0.00E+00
5.41E+02	4.72E+14	1.14E-19	0.00E+00	2.58E-23	0.00E+00	0.00E+00
5.42E+02	5.15E+14	1.10E-19	0.00E+00	2.26E-23	0.00E+00	0.00E+00
5.43E+02	5.06E+14	1.07E-19	0.00E+00	1.94E-23	0.00E+00	0.00E+00
5.44E+02	5.26E+14	1.04E-19	0.00E+00	1.62E-23	0.00E+00	0.00E+00
5.45E+02	5.14E+14	1.01E-19	0.00E+00	1.30E-23	0.00E+00	0.00E+00
5.46E+02	5.12E+14	9.78E-20	0.00E+00	0.00E+00	0.00E+00	0.00E+00
5.47E+02	5.18E+14	9.49E-20	0.00E+00	0.00E+00	0.00E+00	0.00E+00
5.48E+02	5.04E+14	9.21E-20	0.00E+00	0.00E+00	0.00E+00	0.00E+00
5.49E+02	5.20E+14	8.94E-20	0.00E+00	0.00E+00	0.00E+00	0.00E+00
5.50E+02	5.16E+14	8.68E-20	0.00E+00	0.00E+00	0.00E+00	0.00E+00
5.51E+02	5.16E+14	8.42E-20	0.00E+00	0.00E+00	0.00E+00	0.00E+00
5.52E+02	5.27E+14	8.17E-20	0.00E+00	0.00E+00	0.00E+00	0.00E+00
5.53E+02	5.13E+14	7.93E-20	0.00E+00	0.00E+00	0.00E+00	0.00E+00
5.54E+02	5.24E+14	7.70E-20	0.00E+00	0.00E+00	0.00E+00	0.00E+00
5.55E+02	5.28E+14	7.47E-20	0.00E+00	0.00E+00	0.00E+00	0.00E+00
5.56E+02	5.20E+14	7.25E-20	0.00E+00	0.00E+00	0.00E+00	0.00E+00
5.57E+02	5.08E+14	7.04E-20	0.00E+00	0.00E+00	0.00E+00	0.00E+00
5.58E+02	5.21E+14	6.83E-20	0.00E+00	0.00E+00	0.00E+00	0.00E+00
5.59E+02	4.94E+14	6.63E-20	0.00E+00	0.00E+00	0.00E+00	0.00E+00
5.60E+02	5.04E+14	6.43E-20	0.00E+00	0.00E+00	0.00E+00	0.00E+00
5.61E+02	5.34E+14	6.24E-20	0.00E+00	0.00E+00	0.00E+00	0.00E+00
5.62E+02	5.10E+14	6.06E-20	0.00E+00	0.00E+00	0.00E+00	0.00E+00
5.63E+02	5.30E+14	5.88E-20	0.00E+00	0.00E+00	0.00E+00	0.00E+00
5.64E+02	5.21E+14	5.71E-20	0.00E+00	0.00E+00	0.00E+00	0.00E+00
5.65E+02	5.26E+14	5.54E-20	0.00E+00	0.00E+00	0.00E+00	0.00E+00
5.66E+02	4.99E+14	5.38E-20	0.00E+00	0.00E+00	0.00E+00	0.00E+00
5.67E+02	5.33E+14	5.22E-20	0.00E+00	0.00E+00	0.00E+00	0.00E+00
5.68E+02	5.32E+14	5.06E-20	0.00E+00	0.00E+00	0.00E+00	0.00E+00
5.69E+02	5.25E+14	4.91E-20	0.00E+00	0.00E+00	0.00E+00	0.00E+00
5.70E+02	5.25E+14	4.77E-20	0.00E+00	0.00E+00	0.00E+00	0.00E+00
5.71E+02	5.07E+14	4.62E-20	0.00E+00	0.00E+00	0.00E+00	0.00E+00
5.72E+02	5.39E+14	4.48E-20	0.00E+00	0.00E+00	0.00E+00	0.00E+00
5.73E+02	5.43E+14	4.35E-20	0.00E+00	0.00E+00	0.00E+00	0.00E+00
5.74E+02	5.41E+14	4.22E-20	0.00E+00	0.00E+00	0.00E+00	0.00E+00
5.75E+02	5.31E+14	4.09E-20	0.00E+00	0.00E+00	0.00E+00	0.00E+00
5.76E+02	5.27E+14	3.96E-20	0.00E+00	0.00E+00	0.00E+00	0.00E+00
5.77E+02	5.41E+14	3.84E-20	0.00E+00	0.00E+00	0.00E+00	0.00E+00
5.78E+02	5.24E+14	3.72E-20	0.00E+00	0.00E+00	0.00E+00	0.00E+00
5.79E+02	5.29E+14	3.61E-20	0.00E+00	0.00E+00	0.00E+00	0.00E+00
5.80E+02	5.36E+14	3.50E-20	0.00E+00	0.00E+00	0.00E+00	0.00E+00
5.81E+02	5.36E+14	3.39E-20	0.00E+00	0.00E+00	0.00E+00	0.00E+00
5.82E+02	5.43E+14	3.28E-20	0.00E+00	0.00E+00	0.00E+00	0.00E+00
5.83E+02	5.47E+14	3.18E-20	0.00E+00	0.00E+00	0.00E+00	0.00E+00
5.84E+02	5.45E+14	3.07E-20	0.00E+00	0.00E+00	0.00E+00	0.00E+00
5.85E+02	5.41E+14	2.98E-20	0.00E+00	0.00E+00	0.00E+00	0.00E+00
5.86E+02	5.29E+14	2.88E-20	0.00E+00	0.00E+00	0.00E+00	0.00E+00
5.87E+02	5.43E+14	2.78E-20	0.00E+00	0.00E+00	0.00E+00	0.00E+00
5.88E+02	5.39E+14	2.69E-20	0.00E+00	0.00E+00	0.00E+00	0.00E+00
5.89E+02	4.82E+14	2.60E-20	0.00E+00	0.00E+00	0.00E+00	0.00E+00
5.90E+02	5.11E+14	2.52E-20	0.00E+00	0.00E+00	0.00E+00	0.00E+00
5.91E+02	5.38E+14	2.43E-20	0.00E+00	0.00E+00	0.00E+00	0.00E+00
5.92E+02	5.33E+14	2.35E-20	0.00E+00	0.00E+00	0.00E+00	0.00E+00
5.93E+02	5.35E+14	2.27E-20	0.00E+00	0.00E+00	0.00E+00	0.00E+00
5.94E+02	5.35E+14	2.19E-20	0.00E+00	0.00E+00	0.00E+00	0.00E+00
5.95E+02	5.33E+14	2.11E-20	0.00E+00	0.00E+00	0.00E+00	0.00E+00
5.96E+02	5.39E+14	2.04E-20	0.00E+00	0.00E+00	0.00E+00	0.00E+00
5.97E+02	5.43E+14	1.96E-20	0.00E+00	0.00E+00	0.00E+00	0.00E+00
5.98E+02	5.34E+14	1.89E-20	0.00E+00	0.00E+00	0.00E+00	0.00E+00
5.99E+02	5.32E+14	1.83E-20	0.00E+00	0.00E+00	0.00E+00	0.00E+00
6.00E+02	5.35E+14	1.76E-20	0.00E+00	0.00E+00	0.00E+00	0.00E+00
6.01E+02	5.27E+14	1.69E-20	0.00E+00	0.00E+00	0.00E+00	0.00E+00
6.02E+02	5.20E+14	1.63E-20	0.00E+00	0.00E+00	0.00E+00	0.00E+00
6.03E+02	5.31E+14	1.57E-20	0.00E+00	0.00E+00	0.00E+00	0.00E+00
6.04E+02	5.41E+14	1.51E-20	0.00E+00	0.00E+00	0.00E+00	0.00E+00
6.05E+02	5.40E+14	1.45E-20	0.00E+00	0.00E+00	0.00E+00	0.00E+00
6.06E+02	5.36E+14	1.39E-20	0.00E+00	0.00E+00	0.00E+00	0.00E+00
6.07E+02	5.39E+14	1.34E-20	0.00E+00	0.00E+00	0.00E+00	0.00E+00
6.08E+02	5.36E+14	1.29E-20	0.00E+00	0.00E+00	0.00E+00	0.00E+00
6.09E+02	5.32E+14	1.23E-20	0.00E+00	0.00E+00	0.00E+00	0.00E+00
6.10E+02	5.29E+14	1.19E-20	0.00E+00	0.00E+00	0.00E+00	0.00E+00
6.11E+02	5.27E+14	1.14E-20	0.00E+00	0.00E+00	0.00E+00	0.00E+00
6.12E+02	5.35E+14	1.09E-20	0.00E+00	0.00E+00	0.00E+00	0.00E+00
6.13E+02	5.28E+14	1.04E-20	0.00E+00	0.00E+00	0.00E+00	0.00E+00
6.14E+02	5.12E+14	1.00E-20	0.00E+00	0.00E+00	0.00E+00	0.00E+00
6.15E+02	5.30E+14	9.58E-21	0.00E+00	0.00E+00	0.00E+00	0.00E+00
6.16E+02	5.16E+14	9.17E-21	0.00E+00	0.00E+00	0.00E+00	0.00E+00
6.17E+02	5.10E+14	8.77E-21	0.00E+00	0.00E+00	0.00E+00	0.00E+00
6.18E+02	5.30E+14	8.39E-21	0.00E+00	0.00E+00	0.00E+00	0.00E+00
6.19E+02	5.33E+14	8.02E-21	0.00E+00	0.00E+00	0.00E+00	0.00E+00
6.20E+02	5.34E+14	7.67E-21	0.00E+00	0.00E+00	0.00E+00	0.00E+00
6.21E+02	5.39E+14	7.32E-21	0.00E+00	0.00E+00	0.00E+00	0.00E+00
6.22E+02	5.26E+14	6.99E-21	0.00E+00	0.00E+00	0.00E+00	0.00E+00
6.23E+02	5.28E+14	6.67E-21	0.00E+00	0.00E+00	0.00E+00	0.00E+00
6.24E+02	5.24E+14	6.37E-21	0.00E+00	0.00E+00	0.00E+00	0.00E+00
6.25E+02	5.17E+14	6.07E-21	0.00E+00	0.00E+00	0.00E+00	0.00E+00
6.26E+02	5.17E+14	5.79E-21	0.00E+00	0.00E+00	0.00E+00	0.00E+00
6.27E+02	5.34E+14	5.51E-21	0.00E+00	0.00E+00	0.00E+00	0.00E+00
6.28E+02	5.35E+14	5.25E-21	0.00E+00	0.00E+00	0.00E+00	0.00E+00
6.29E+02	5.34E+14	5.00E-21	0.00E+00	0.00E+00	0.00E+00	0.00E+00
6.30E+02	5.28E+14	4.75E-21	0.00E+00	0.00E+00	0.00E+00	0.00E+00
6.31E+02	5.27E+14	4.52E-21	0.00E+00	0.00E+00	0.00E+00	0.00E+00
6.32E+02	5.06E+14	4.30E-21	0.00E+00	0.00E+00	0.00E+00	0.00E+00
6.33E+02	5.34E+14	4.08E-21	0.00E+00	0.00E+00	0.00E+00	0.00E+00
6.34E+02	5.23E+14	3.88E-21	0.00E+00	0.00E+00	0.00E+00	0.00E+00
6.35E+02	5.28E+14	3.68E-21	0.00E+00	0.00E+00	0.00E+00	0.00E+00
6.36E+02	5.15E+14	3.50E-21	0.00E+00	0.00E+00	0.00E+00	0.00E+00
6.37E+02	5.33E+14	3.32E-21	0.00E+00	0.00E+00	0.00E+00	0.00E+00
6.38E+02	5.35E+14	3.14E-21	0.00E+00	0.00E+00	0.00E+00	0.00E+00
6.39E+02	5.32E+14	2.98E-21	0.00E+00	0.00E+00	0.00E+00	0.00E+00
6.40E+02	5.20E+14	2.82E-21	0.00E+00	0.00E+00	0.00E+00	0.00E+00
6.41E+02	5.20E+14	2.67E-21	0.00E+00	0.00E+00	0.00E+00	0.00E+00
6.42E+02	5.20E+14	2.53E-21	0.00E+00	0.00E+00	0.00E+00	0.00E+00
6.43E+02	5.26E+14	2.39E-21	0.00E+00	0.00E+00	0.00E+00	0.00E+00
6.44E+02	5.23E+14	2.26E-21	0.00E+00	0.00E+00	0.00E+00	0.00E+00
6.45E+02	5.28E+14	2.14E-21	0.00E+00	0.00E+00	0.00E+00	0.00E+00
6.46E+02	5.17E+14	2.02E-21	0.00E+00	0.00E+00	0.00E+00	0.00E+00
6.47E+02	5.23E+14	1.91E-21	0.00E+00	0.00E+00	0.00E+00	0.00E+00
6.48E+02	5.23E+14	1.80E-21	0.00E+00	0.00E+00	0.00E+00	0.00E+00
6.49E+02	5.07E+14	1.70E-21	0.00E+00	0.00E+00	0.00E+00	0.00E+00
6.50E+02	4.99E+14	1.61E-21	0.00E+00	0.00E+00	0.00E+00	0.00E+00
6.51E+02	5.29E+14	0.00E+00	0.00E+00	0.00E+00	0.00E+00	0.00E+00
6.52E+02	5.22E+14	0.00E+00	0.00E+00	0.00E+00	0.00E+00	0.00E+00
6.53E+02	5.25E+14	0.00E+00	0.00E+00	0.00E+00	0.00E+00	0.00E+00
6.54E+02	5.19E+14	0.00E+00	0.00E+00	0.00E+00	0.00E+00	0.00E+00
6.55E+02	5.02E+14	0.00E+00	0.00E+00	0.00E+00	0.00E+00	0.00E+00
6.56E+02	4.37E+14	0.00E+00	0.00E+00	0.00E+00	0.00E+00	0.00E+00
6.57E+02	4.58E+14	0.00E+00	0.00E+00	0.00E+00	0.00E+00	0.00E+00
6.58E+02	5.10E+14	0.00E+00	0.00E+00	0.00E+00	0.00E+00	0.00E+00
6.59E+02	5.12E+14	0.00E+00	0.00E+00	0.00E+00	0.00E+00	0.00E+00
6.60E+02	5.18E+14	0.00E+00	0.00E+00	0.00E+00	0.00E+00	0.00E+00
6.61E+02	5.21E+14	0.00E+00	0.00E+00	0.00E+00	0.00E+00	0.00E+00
6.62E+02	5.24E+14	0.00E+00	0.00E+00	0.00E+00	0.00E+00	0.00E+00
6.63E+02	5.22E+14	0.00E+00	0.00E+00	0.00E+00	0.00E+00	0.00E+00
6.64E+02	5.20E+14	0.00E+00	0.00E+00	0.00E+00	0.00E+00	0.00E+00
6.65E+02	5.25E+14	0.00E+00	0.00E+00	0.00E+00	0.00E+00	0.00E+00
6.66E+02	5.21E+14	0.00E+00	0.00E+00	0.00E+00	0.00E+00	0.00E+00
6.67E+02	5.16E+14	0.00E+00	0.00E+00	0.00E+00	0.00E+00	0.00E+00
6.68E+02	5.16E+14	0.00E+00	0.00E+00	0.00E+00	0.00E+00	0.00E+00
6.69E+02	5.25E+14	0.00E+00	0.00E+00	0.00E+00	0.00E+00	0.00E+00
6.70E+02	5.17E+14	0.00E+00	0.00E+00	0.00E+00	0.00E+00	0.00E+00
6.71E+02	5.17E+14	0.00E+00	0.00E+00	0.00E+00	0.00E+00	0.00E+00
6.72E+02	5.10E+14	0.00E+00	0.00E+00	0.00E+00	0.00E+00	0.00E+00
6.73E+02	5.14E+14	0.00E+00	0.00E+00	0.00E+00	0.00E+00	0.00E+00
6.74E+02	5.13E+14	0.00E+00	0.00E+00	0.00E+00	0.00E+00	0.00E+00
6.75E+02	5.09E+14	0.00E+00	0.00E+00	0.00E+00	0.00E+00	0.00E+00
6.76E+02	5.16E+14	0.00E+00	0.00E+00	0.00E+00	0.00E+00	0.00E+00
6.77E+02	5.11E+14	0.00E+00	0.00E+00	0.00E+00	0.00E+00	0.00E+00
6.78E+02	5.14E+14	0.00E+00	0.00E+00	0.00E+00	0.00E+00	0.00E+00
6.79E+02	5.10E+14	0.00E+00	0.00E+00	0.00E+00	0.00E+00	0.00E+00
6.80E+02	5.12E+14	0.00E+00	0.00E+00	0.00E+00	0.00E+00	0.00E+00
6.81E+02	5.10E+14	0.00E+00	0.00E+00	0.00E+00	0.00E+00	0.00E+00
6.82E+02	5.13E+14	0.00E+00	0.00E+00	0.00E+00	0.00E+00	0.00E+00
6.83E+02	5.08E+14	0.00E+00	0.00E+00	0.00E+00	0.00E+00	0.00E+00
6.84E+02	5.05E+14	0.00E+00	0.00E+00	0.00E+00	0.00E+00	0.00E+00
6.85E+02	5.05E+14	0.00E+00	0.00E+00	0.00E+00	0.00E+00	0.00E+00
6.86E+02	4.95E+14	0.00E+00	0.00E+00	0.00E+00	0.00E+00	0.00E+00
6.87E+02	5.09E+14	0.00E+00	0.00E+00	0.00E+00	0.00E+00	0.00E+00
6.88E+02	5.11E+14	0.00E+00	0.00E+00	0.00E+00	0.00E+00	0.00E+00
6.89E+02	5.13E+14	0.00E+00	0.00E+00	0.00E+00	0.00E+00	0.00E+00
6.90E+02	5.14E+14	0.00E+00	0.00E+00	0.00E+00	0.00E+00	0.00E+00
6.91E+02	5.11E+14	0.00E+00	0.00E+00	0.00E+00	0.00E+00	0.00E+00
6.92E+02	5.07E+14	0.00E+00	0.00E+00	0.00E+00	0.00E+00	0.00E+00
6.93E+02	5.09E+14	0.00E+00	0.00E+00	0.00E+00	0.00E+00	0.00E+00
6.94E+02	5.09E+14	0.00E+00	0.00E+00	0.00E+00	0.00E+00	0.00E+00
6.95E+02	5.02E+14	0.00E+00	0.00E+00	0.00E+00	0.00E+00	0.00E+00
6.96E+02	5.05E+14	0.00E+00	0.00E+00	0.00E+00	0.00E+00	0.00E+00
6.97E+02	5.05E+14	0.00E+00	0.00E+00	0.00E+00	0.00E+00	0.00E+00
6.98E+02	4.98E+14	0.00E+00	0.00E+00	0.00E+00	0.00E+00	0.00E+00
6.99E+02	5.05E+14	0.00E+00	0.00E+00	0.00E+00	0.00E+00	0.00E+00
7.00E+02	5.01E+14	0.00E+00	0.00E+00	0.00E+00	0.00E+00	0.00E+00
